13557 736 3.0
49036 45720 4.5
18423 1204 5.0
35691 3424 4.5
30241 2539 3.5
3453 161 3.5
46459 8641 3.0
22842 1466 4.0
22941 1485 4.0
34357 3104 3.0
7230 349 4.0
51954 65585 3.5
50111 52281 5.0
51041 58293 3.0
50866 56367 3.5
46189 8368 5.0
41560 5218 3.5
28290 2232 4.0
17368 1148 4.5
30348 2567 2.0
51928 64969 4.0
15671 969 3.0
37529 3882 2.5
28178 2188 2.0
30536 2571 5.0
12520 596 3.0
16635 1088 4.0
36616 3624 4.0
11505 588 5.0
28649 2297 4.0
55351 116797 4.0
47856 33679 5.0
5640 293 4.0
23904 1616 3.0
29528 2406 3.0
42571 5618 5.0
51897 64957 3.5
47003 8961 4.0
27279 2078 4.0
43996 6377 5.0
44040 6378 4.0
11682 589 5.0
21481 1302 3.0
43731 6333 4.5
4523 231 2.5
24224 1653 4.0
21616 1307 4.0
22128 1374 4.0
38097 3994 4.5
48660 43679 3.0
8724 415 3.0
27653 2114 4.0
31489 2700 3.0
3472 161 4.0
46585 8665 4.0
51595 60756 4.0
32665 2858 3.5
6457 318 4.5
16502 1080 2.0
40450 4881 3.0
25097 1748 4.0
7732 357 4.0
16785 1090 4.0
45042 6989 3.5
15200 914 4.5
2918 141 4.0
28199 2193 4.0
10128 500 5.0
491 8 3.0
8053 367 3.5
44163 6537 3.0
41415 5060 3.0
13143 653 3.0
27117 2054 2.0
34319 3098 4.0
18189 1199 5.0
27847 2137 5.0